saludo izquierdo
{ 97,104, 90, 90, 88, 91, 85, 90, 15}, 
			{ 76,104, 90, 90, 75, 91, 85, 90, 15}, 
			{ 90,104, 90, 70, 75, 91, 85, 90, 25}, 
			{ 90,104, 90, 63, 75, 91, 78, 83, 25}

			saludo derecho
			{ 97,104, 90, 90, 88, 91, 85, 90, 30}, 
			{106,104, 93,100,100, 91, 85,100, 30}, 
			{106,104, 93,100,100, 91, 85,140, 10}, 
			{106,104, 93,100,100, 91, 85,120,  5}, 
			{106,104, 93,100,100, 91, 85,140,  5}, 
			{106,104, 93,100,100, 91, 85,120,  5}, 
			{106,104, 93,100,100, 91, 85,140,  5}
			
caminata
{ 90, 90, 87, 90, 90, 90, 93, 90, 30}, 
			{ 95, 90, 85, 90,115, 90, 92, 90, 20}, 
			{ 95, 85, 76, 90,105, 73, 65, 90, 30}, 
			{ 85, 85, 84, 90, 80, 73, 65, 90, 30}, 
			{ 76, 85, 84, 90, 90, 73, 80, 90, 30}
			
camianta larga
			{ 90, 90, 88, 90, 90, 90, 92, 90, 30}, 
			{100, 93, 86, 90,102, 90, 90, 90, 30}, 
			{100, 95, 86, 90, 90, 80, 60, 90, 20}, 
			{ 90, 95, 86, 90, 90, 80, 70, 90, 30}, 
			{ 74, 95, 87, 90, 85, 80, 77, 90, 20}, 
			{ 74,100,115, 90, 85, 80, 84, 90, 20}, 
			{ 90,100,105, 90, 90, 80, 84, 90, 20}, 
			{ 97, 93, 88, 90, 90, 80, 84, 90, 20}, 
			{ 90, 90, 87, 90, 90, 90, 93, 90, 20}